Day
JANUARY
FEBRUARY
MARCH
APRIL
MAY
JUNE
JULY
AUGUST
SEPTEMBER
OCTOBER
NOVEMBER
DECEMBER
1
1.6
.3
.8
.3
.5
.3
.3
.3
.3
.5
1.3
2
1.8
.3
.7
.4
.5
.3
.3
.3
.5
.4
.3
1.5
3
1.8
.7
.6
.3
.5
.3
.3
.3
.4
.5
.6
1.5
4
1.9
.3
.9
.5
.4
.3
.4
.3
.3
.6
.8
1.3
5
1.3
.5
.9
.3
.4
.3
.5
.3
.4
.4
.9
1.3
6
1.8
.6
.9
.3
.4
.3
.3
.3
.4
.7
1.1
1.3
7
1.9
.3
.6
.4
.4
.3
.5
.3
.3
.6
1.1
1.3
8
.8
.3
.7
.6
.4
.3
.4
.3
.3
.7
1.0
1.4
9
.7
.6
.8
.4
.5
.3
.4
.4
.4
.7
1.0
1.5
10
1.0
.7
.8
.4
.6
.3
.3
.5
.4
.6
.8
1.5
11
1.0
.9
.5
.4
.4
.3
.4
.4
.5
.6
.8
1.6
12
.6
1.0
.4
.3
.6
.3
.5
.3
.5
.7
.6
1.5
13
.5
1.0
.5
.3
.5
.3
.5
.5
.5
.4
.9
.9
14
1.2
1.4
.5
.4
.3
.3
.4
.4
.5
.4
1.7
1.0
15
1.0
1.4
.3
.5
.3
.3
.4
.3
.5
1.6
1.3
16
1.0
1.1
.3
.3
.3
.3
.4
.4
.5
.7
1.3
17
.9
1.1
.3
.5
.3
.3
.4
.3
.5
.7
1.0
1.5
18
.9
1.0
.3
.5
.3
.3
.4
.4
.5
.8
1.4
1.4
19
.9
.8
.4
.4
.3
.3
.5
.3
.7
1.7
1.5
20
.8
.4
.5
.5
.3
.3
.5
.3
.5
1.8
1.6
21
.8
.9
.3
.4
.3
.3
.3
.5
.5
1.5
1.2
22
.9
.8
.3
.4
.3
.3
.3
.3
.6
1.3
1.0
23
1.1
.9
.3
.3
.3
.3
.3
.3
.8
.8
1.2
24
.7
.8
.4
.4
.3
.3
.3
.5
.8
.8
1.2
25
.8
.9
.4
.4
.3
.3
.4
.5
.6
1.3
1.2
26
.9
.8
.3
.3
.3
.3
.3
.5
.4
1.4
1.1
27
.8
.7
.3
.3
.3
.3
.3
.3
.5
1.3
1.2
28
.8
.9
.4
.3
.3
.3
.4
.3
.7
1.3
1.3
29
.9
.3
.3
.3
.3
.5
.4
.9
1.0
1.1
30
.9
.3
.5
.3
.3
.4
.3
1.0
.8
1.1
31
.3
.4
.3
.3
1.0
1.3