Day
JANUARY
FEBRUARY
MARCH
APRIL
MAY
JUNE
JULY
AUGUST
SEPTEMBER
OCTOBER
NOVEMBER
DECEMBER
1
.9
.3
.8
.4
.1
.3
.2
.3
.2
.5
.4
.5
2
1.1
.4
.7
.3
.2
.2
.2
.3
.2
.2
.6
.5
3
1.2
.5
.8
.2
.3
.2
.2
.3
.0
.3
.5
4
1.3
.6
.7
.3
.3
.2
.2
.4
.0
.3
.7
5
1.3
.7
.8
.1
.2
.2
.2
.3
.1
.3
.7
6
1.2
.9
.6
.3
.2
.2
.2
.3
.2
.4
.3
7
.6
.7
.6
.3
.2
.2
.2
.2
.3
.4
.4
8
.3
1.0
.8
.3
.1
.2
.2
.2
.3
.5
.6
9
.4
1.1
.5
.1
.2
.2
.3
.2
.3
.5
.6
10
.4
1.0
.7
.1
.2
.2
.1
.3
.3
.4
.5
11
.4
.8
.7
.2
.2
.2
.2
.3
.4
.3
.6
12
.4
1.0
.5
.3
.2
.2
.3
.3
.1
.5
.7
.4
13
.8
1.0
.5
.2
.2
.1
.3
.3
.2
.5
.5
.9
14
.7
1.1
.4
.3
.2
.2
.3
.4
.2
.5
.5
1.3
15
.6
1.1
.6
.2
.1
.2
.3
.4
.2
.4
.6
1.4
16
.5
1.0
.1
.1
.2
.3
.3
.3
.2
.5
.3
17
.5
.8
.1
.2
.2
.3
.4
.3
.4
.2
.4
18
.6
.7
.2
.2
.2
.3
.4
.3
.4
.6
.5
19
.5
.8
.2
.1
.2
.2
.4
.3
.5
.6
.6
20
.4
1.0
.3
.2
.2
.2
.3
.4
.6
.7
.7
21
.5
.5
.3
.2
.2
.3
.4
.6
.3
.7
22
.9
.6
.3
.1
.2
.2
.1
.6
.2
.6
23
.9
.7
.5
.2
.2
.4
.3
.3
.1
.5
.7
24
.4
.7
.7
.1
.3
.3
.3
.2
.3
.5
.5
25
.6
.8
.5
.2
.2
.2
.3
.3
.3
.5
.4
26
.5
.8
.5
.2
.2
.2
.2
.3
.4
.6
.7
27
.7
.8
.6
.2
.2
.3
.4
.2
.4
.7
.9
28
1.0
.5
.6
.1
.2
.3
.4
.2
.4
.4
1.0
29
.9
.6
.6
.1
.2
.3
.3
.3
.2
.4
.4
.7
30
.8
.2
.1
.2
.2
.3
.4
.3
.4
.5
.8
31
.5
.2
.2
.2
.3
.3
.8