Day
JANUARY
FEBRUARY
MARCH
APRIL
MAY
JUNE
JULY
AUGUST
SEPTEMBER
OCTOBER
NOVEMBER
DECEMBER
1
.100
.500
.400
300
.500
.300
.400
.200
.200
.400
.400
600
2
.300
.400
.500
.300
.300
.300
.400
.200
.300
.400
.400
.700
3
.400
.300
.400
.300
.400
.400
.300
.200
.300
.400
.300
700
4
.400
.300
.400
.300
.200
.400
.300
.300
.400
.500
.300
.700
5
.300
.400
.400
.300
.200
.400
.300
.300
.400
.500
.300
.700
6
.400
.400
.400
.200
.200
.300
.300
.700
.300
.400
.300
.900
7
.400
.400
.400
.300
.200
.300
.300
.500
.400
.400
.200
1.000
8
.500
.500
.400
.300
.100
.100
.400
.500
.400
.500
.400
.700
9
.500
.500
.300
.300
.100
.100
.400
.400
.400
.400
.400
.500
10
.300
.400
.400
.300
.100
.100
.500
.500
.300
.400
.200
.400
11
.400
.300
.400
.300
.200
.200
.500
.300
.300
.500
.400
500
12
.500
.200
.400
.300
.200
.200
.500
.300
.200
.400
.400
.600
13
.600
.300
.400
.300
.300
.200
.400
.300
.300
.400
.400
.700
14
.400
.200
.400
.400
.300
.200
.300
.300
.300
.400
.400
.600
15
.500
.300
.500
.400
.200
.200
.300
.500
.400
.500
.400
.200
16
.600
.300
.400
.300
.200
.300
.400
.500
.400
.600
.300
.300
17
.500
.200
.500
.300
.200
.300
.400
.500
.300
.600
.400
.400
18
.500
.200
.500
.300
.200
.300
.400
.800
.300
.600
.700
.400
19
.300
.300
.500
.400
.300
.300
.400
.900
.200
.500
.800
.500
20
.500
.300
.400
.300
.200
.300
.400
.300
.200
.600
.500
.600
21
.600
.300
.400
.300
.300
.200
.300
.300
.300
.600
.400
.600
22
.600
.300
.500
.300
.200
.200
.300
.200
.400
.600
.500
1.300
23
.300
.400
.200
.300
.200
.200
.400
.100
.400
.600
.500
1.200
24
.400
.300
.200
.400
.200
.300
.500
.200
.400
.600
.300
.400
25
.400
.300
.200
.300
.300
.200
.500
.200
.400
.500
.500
.400
26
.400
.300
.200
.400
.300
.200
.500
.200
.400
.100
.500
.300
27
.300
.400
.200
.400
.300
.200
.200
.300
.500
.200
.600
300
28
.400
400
.200
.400
.300
.200
.200
300
.500
.200
.600
400
29
.300
.100
.400
.300
.200
.200
.300
.400
.300
.600
400
30
.400
.200
.400
.300
.200
.200
.300
.400
.300
.700
.300
31
.400
.200
.300
.200
.300
.300
400