Day
JANUARY
FEBRUARY
MARCH
APRIL
MAY
JUNE
JULY
AUGUST
SEPTEMBER
OCTOBER
NOVEMBER
DECEMBER
1
1.3
1.5
.4
.3
.3
.3
.2
.3
.3
.6
.6
.9
2
1.5
1.5
.4
.3
.3
.3
.2
.3
.3
.3
.6
1.2
3
1.5
.6
.3
.5
.2
.3
.2
.3
.1
.3
.6
1.3
4
1.6
.6
.4
.5
.3
.3
.3
.3
.2
.3
.4
1.3
5
2.2
.8
.6
.5
.3
.3
.2
.2
.2
.3
.5
1.0
6
2.2
.7
.8
.3
.2
.2
.2
.2
.2
.3
.5
1.1
7
2.1
.5
.7
.4
.3
.2
.2
.2
.3
.4
.6
1.3
8
2.1
.9
.6
.2
.3
.3
.1
.2
.6
.5
.6
1.2
9
1.9
.9
.8
.3
.2
.3
.1
.2
.5
.5
.5
1.5
10
1.9
.9
.8
.3
.2
.2
.1
.2
.5
.6
.4
1.2
11
2.0
.5
.8
.3
.3
.2
.1
.3
.5
.5
.3
.6
12
1.6
.5
.5
.2
.3
.2
.1
.2
.4
.6
.7
.7
13
1.3
.6
.7
.4
.3
.2
.2
.2
.5
.5
.8
.8
14
1.2
.7
.4
.4
.3
.2
.2
.2
.3
.5
.8
.7
15
1.4
.7
.4
.2
.3
.3
.1
.2
.3
.6
.8
.6
16
2.0
.4
.5
.3
.3
.2
.2
.3
.2
.7
.4
.7
17
2.1
.5
.6
.4
.3
.3
.1
.3
.2
.8
.4
.9
18
1.5
.7
.3
.3
.3
.3
.1
.3
.3
.4
.6
1.3
19
1.5
.7
.4
.3
.3
.2
.1
.4
.4
.3
.7
1.3
20
1.5
.6
.5
.4
.2
.3
.2
.6
.5
.4
.8
.7
21
1.6
.4
.5
.4
.3
.3
.2
.5
.4
.4
.8
.6
22
1.6
.4
.4
.4
.3
.3
.3
.3
.5
.7
.9
.8
23
1.6
.5
.3
.4
.2
.3
.2
.3
.6
.7
1.3
.7
24
1.8
.7
.4
.4
.2
.3
.2
.5
.5
.6
1.4
.8
25
1.8
.8
.4
.3
.2
.3
.2
.4
.5
.6
1.0
.7
26
1.8
.5
.7
.2
.3
.3
.2
.3
.4
.6
.4
.8
27
1.9
.5
.6
.4
.3
.3
.2
.2
.3
.7
.4
.9
28
1.5
.6
.4
.3
.2
.2
.2
.3
.4
.7
.5
1.0
29
1.6
.3
.3
.3
.3
.2
.3
.5
.8
.5
1.0
30
1.7
.5
.3
.2
.2
.3
.2
.6
.6
.7
.8
31
1.6
.6
.2
.3
.2
.6
.9