Y
FEBRUARY
MARCH
APRIL
MAY
JUNE
JULY
AUGUST
SEPTEMBER
OCTOBER
NOVEMBER
DECEMBER
0
59.0
44.0
20.0
24.0
20.0
23.0
30.0
12.0
36.0
42.0
0
61.0
53.0
28.0
33.0
21.0
27.0
33.0
24.0
19.0
36.0
0
44.0
52.0
31.0
28.0
18.0
31.0
17.0
29.0
24.0
32.0
0
36.0
37.0
25.0
32.0
16.0
26.0
27.0
35.0
17.0
33.0
0
34.0
16.0
38.0
25.0
18.0
17.0
36.0
30.0
15.0
38.0
0
19.0
16.0
34.0
13.0
24.0
18.0
37.0
29.0
26.0
37.0
0
14.0
48.0
18.0
23.0
22.0
23.0
40.0
26.0
35.0
34.0
0
40.0
54.0
9.0
29.0
23.0
16.0
30.0
19.0
39.0
37.0
0
30.0
36.0
13.0
25.0
28.0
21.0
22.0
28.0
39.0
38.0
0
25.0
33.0
31.0
21.0
13.0
19.0
21.0
34.0
43.0
35.0
0
35.0
34.0
36.0
23.0
13.0
32.0
31.0
46.0
33.0
41.0
0
35.0
30.0
31.0
21.0
15.0
14.0
29.0
33.0
33.0
48.0
0
52.0
30.0
23.0
11.0
16.0
14.0
31.0
40.0
40.0
41.0
0
48.0
33.0
11.0
18.0
16.0
29.0
14.0
31.0
37.0
32.0
0
50.0
40.0
16.0
37.0
19.0
19.0
18.0
33.0
37.0
35.0
0
57.0
41.0
18.0
10.0
21.0
29.0
28.0
46.0
33.0
34.0
0
36.0
34.0
20.0
18.0
35.0
20.0
44.0
13.0
27.0
0
19.0
28.0
26.0
16.0
28.0
36.0
47.0
31.0
33.0
0
27.0
28.0
19.0
21.0
22.0
17.0
34.0
33.0
33.0
0
27.0
35.0
21.0
13.0
13.0
24.0
31.0
32.0
0
8.0
31.0
21.0
11.0
27.0
24.0
30.0
34.0
23.0
0
46.0
20.0
31.0
22.0
33.0
21.0
31.0
31.0
34.0
0
38.0
22.0
22.0
26.0
21.0
19.0
28.0
23.0
36.0
0
26.0
29.0
24.0
23.0
28.0
10.0
41.0
22.0
27.0
0
52.0
29.0
20.0
17.0
31.0
21.0
48.0
29.0
29.0
0
44.0
20.0
24.0
20.0
29.0
37.0
26.0
31.0
0
35.0
27.0
12.0
14.0
22.0
38.0
31.0
27.0
37.0
0
45.0
27.0
24.0
16.0
33.0
32.0
34.0
37.0
32.0
0
41.0
20.0
21.0
36.0
28.0
29.0
35.0
37.0
0
33.0
23.0
21.0
15.0
26.0
30.0
33.0
37.0
0
17.0
25.0
29.0
26.0
34.0