JANUARY
FEBRUARY
MARCH
APRIL
MAY
JUNE
JULY
AUGUST
SEPTEMBER
OCTOBER
NOVEMBER
DECEMBER
47.0
33.0
23.0
13.0
8.0
13.0
19.0
37.0
19.0
51.0
48.0
45.0
25.0
10.0
16.0
7.0
14.0
18.0
29.0
46.0
49.0
38.0
17.0
11.0
13.0
10.0
8.0
18.0
17.0
51.0
45.0
31.0
34.0
12.0
13.0
10.0
18.0
19.0
16.0
47.0
47.0
73.0
38.0
15.0
9.0
12.0
5.0
22.0
19.0
44.0
45.0
45.0
54.0
7.0
11.0
12.0
11.0
32.0
25.0
46.0
58.0
33.0
34.0
7.0
10.0
11.0
11.0
28.0
26.0
51.0
44.0
39.0
31.0
14.0
9.0
18.0
20.0
27.0
25.0
44.0
42.0
30.0
41.0
13.0
6.0
7.0
28.0
33.0
34.0
47.0
34.0
44.0
51.0
12.0
11.0
10.0
43.0
29.0
15.0
46.0
33.0
38.0
40.0
9.0
10.0
12.0
46.0
22.0
27.0
35.0
32.0
37.0
38.0
10.0
4.0
11.0
36.0
32.0
41.0
36.0
27.0
39.0
31.0
13.0
13.0
10.0
28.0
42.0
41.0
34.0
31.0
38.0
30.0
5.0
11.0
10.0
36.0
44.0
42.0
25.0
66.0
32.0
29.0
11.0
9.0
9.0
45.0
34.0
18.0
38.0
33.0
45.0
11.0
13.0
10.0
47.0
46.0
31.0
37.0
39.0
37.0
11.0
9.0
13.0
34.0
26.0
79.0
33.0
39.0
30.0
14.0
5.0
12.0
15.0
40.0
47.0
38.0
40.0
31.0
10.0
5.0
18.0
22.0
42.0
40.0
34.0
40.0
43.0
10.0
13.0
21.0
29.0
31.0
35.0
35.0
29.0
34.0
18.0
7.0
7.0
22.0
34.0
31.0
44.0
29.0
42.0
25.0
25.0
16.0
11.0
12.0
12.0
42.0
32.0
64.0
37.0
41.0
35.0
23.0
7.0
16.0
7.0
10.0
41.0
32.0
43.0
35.0
38.0
43.0
32.0
6.0
13.0
8.0
17.0
40.0
31.0
72.0
35.0
36.0
45.0
29.0
11.0
13.0
9.0
16.0
38.0
30.0
38.0
37.0
47.0
35.0
37.0
12.0
14.0
8.0
18.0
32.0
38.0
26.0
35.0
43.0
38.0
34.0
14.0
10.0
12.0
11.0
16.0
56.0
25.0
43.0
32.0
32.0
29.0
17.0
8.0
11.0
16.0
34.0
27.0
22.0
49.0
30.0
24.0
13.0
11.0
13.0
14.0
30.0
25.0
29.0
44.0
31.0
56.0
15.0
13.0
14.0
7.0
35.0
20.0
43.0
36.0
33.0
60.0
6.0
12.0
16.0
24.0
45.0