-
JANUARY
FEBRUARY
MARCH
APRIL
MAY
JUNE
JULY
AUGUST
SEPTEMBER
OCTOBER
NOVEMBER
DECEMBER
48.0
23.0
47.0
52.0
8.0
22.0
21.0
26.0
34.0
27.0
34.0
35.0
59.0
22.0
45.0
31.0
51.0
22.0
25.0
28.0
29.0
13.0
39.0
36.0
57.0
44.0
52.0
25.0
29.0
17.0
16.0
27.0
10.0
27.0
41.0
37.0
60.0
43.0
40.0
27.0
33.0
18.0
21.0
17.0
12.0
21.0
39.0
39.0
50.0
51.0
38.0
26.0
40.0
22.0
18.0
22.0
13.0
24.0
49.0
36.0
66.0
53.0
28.0
33.0
25.0
19.0
20.0
15.0
28.0
26.0
107.0
41.0
63.0
51.0
34.0
38.0
19.0
24.0
15.0
9.0
32.0
30.0
46.0
36.0
34.0
58.0
42.0
33.0
9.0
26.0
30.0
23.0
39.0
38.0
47.0
44.0
36.0
62.0
35.0
15.0
27.0
20.0
12.0
31.0
29.0
20.0
43.0
36.0
31.0
63.0
44.0
26.0
53.0
30.0
6.0
26.0
33.0
33.0
45.0
33.0
37.0
57.0
39.0
67.0
22.0
16.0
13.0
23.0
27.0
31.0
43.0
36.0
40.0
58.0
32.0
31.0
22.0
16.0
20.0
27.0
31.0
38.0
42.0
34.0
45.0
55.0
19.0
32.0
32.0
15.0
25.0
21.0
22.0
34.0
38.0
42.0
43.0
52.0
13.0
38.0
21.0
22.0
25.0
16.0
20.0
45.0
41.0
38.0
41.0
55.0
20.0
25.0
9.0
29.0
29.0
29.0
25.0
22.0
51.0
39.0
36.0
48.0
43.0
26.0
15.0
21.0
18.0
21.0
27.0
20.0
32.0
18.0
37.0
43.0
37.0
12.0
27.0
22.0
16.0
37.0
22.0
24.0
32.0
20.0
40.0
45.0
40.0
22.0
27.0
18.0
27.0
29.0
21.0
25.0
37.0
40.0
45.0
51.0
39.0
32.0
19.0
16.0
27.0
32.0
28.0
29.0
36.0
40.0
38.0
36.0
30.0
53.0
21.0
19.0
18.0
25.0
33.0
39.0
36.0
42.0
45.0
41.0
44.0
38.0
18.0
19.0
24.0
36.0
37.0
24.0
39.0
45.0
34.0
12.0
31.0
11.0
24.0
25.0
15.0
36.0
36.0
36.0
38.0
41.0
25.0
15.0
20.0
19.0
30.0
27.0
9.0
19.0
32.0
35.0
29.0
43.0
30.0
12.0
31.0
32.0
18.0
23.0
22.0
32.0
26.0
26.0
48.0
53.0
20.0
18.0
22.0
16.0
26.0
30.0
19.0
34.0
36.0
30.0
45.0
43.0
31.0
22.0
16.0
16.0
24.0
28.0
32.0
46.0
34.0
40.0
46.0
38.0
21.0
21.0
20.0
20.0
32.0
30.0
43.0
38.0
24.0
47.0
50.0
36.0
29.0
14.0
10.0
30.0
29.0
20.0
28.0
29.0
25.0
51.0
57.0
38.0
21.0
16.0
11.0
28.0
34.0
31.0
26.0
36.0
34.0
49.0
41.0
22.0
16.0
10.0
28.0
17.0
29.0
28.0
22.0
35.0
49.0
41.0
23.0
21.0
10.0
27.0
128.0
48.0