Day
JANUARY
FEBRUARY
MARCH
APRIL
MAY
JUNE
JULY
AUGUST
SEPTEMBER
OCTOBER
NOVEMBER
DECEMBER
1
17.2
25.5
8.2
11.5
11.4
13.5
9.7
10.6
22.7
23.2
33.1
2
26.5
21.8
23.4
8.3
10.0
5.7
9.7
13.8
22.8
32.5
29.9
3
34.8
9.0
24.9
22.0
5.3
13.4
15.6
13.2
18.6
39.7
37.8
4
31.8
28.6
24.3
22.1
10.1
11.8
31.9
13.2
17.3
15.5
31.3
43.1
5
26.8
14.0
25.4
4.1
13.4
9.5
18.0
17.5
13.2
21.8
45.1
37.9
6
36.3
32.9
26.7
14.2
12.6
6.9
11.5
19.4
13.3
23.8
29.2
41.8
7
36.9
30.4
13.2
16.8
12.3
5.2
7.4
13.0
10.8
37.4
4.1
45.3
8
37.5
27.1
13.3
23.1
12.4
5.3
13.1
11.9
6.3
18.2
12.8
64.7
9
29.7
18.4
16.2
8.9
11.6
9.0
10.9
8.9
7.3
23.2
23.1
48.8
10
17.5
29.5
17.4
15.5
7.1
9.9
20.2
13.6
14.3
9.9
18.4
42.7
11
24.6
29.5
27.6
15.0
17.8
9.6
10.5
21.6
16.8
5.9
25.9
37.0
12
18.2
26.3
24.1
8.6
10.3
12.0
7.5
29.7
17.0
20.9
29.4
32.8
13
22.9
33.7
32.0
15.1
7.1
14.2
12.3
13.2
12.2
23.4
32.6
30.2
14
14.6
11.7
29.8
10.2
9.4
9.9
15.0
20.4
17.9
28.9
15
37.6
33.4
3.9
7.9
11.7
10.8
8.3
17.8
11.5
18.1
6
34.3
31.6
16.3
7.1
7.8
9.9
8.9
19.3
20.2
35.0
7
33.2
8.9
18.6
19.5
7.1
14.9
30.5
21.9
18.5
35.4
.8
30.7
33.7
5.3
13.7
9.0
11.0
14.5
18.1
13.8
23.5
.9
29.8
32.0
14.9
9.4
8.8
7.2
14.5
21.6
32.5
0
38.5
36.1
14.9
16.5
9.2
10.6
13.7
14.9
19.5
36.6
21
30.2
45.1
16.8
15.7
6.5
11.9
23.4
18.5
18.5
43.9
2
27.9
37.4
16.2
13.8
11.9
8.5
10.1
9.7
23.7
13.9
35.4
23
28.5
40.7
21.0
12.2
6.0
10.9
12.1
7.9
21.4
23.7
30.5
4
31.7
8.2
7.1
8.6
6.1
9.5
8.4
14.5
20.8
27.4
31.5
5
29.4
24.5
11.2
11.2
8.1
14.9
7.6
13.1
19.3
5.9
33.2
6
23.8
30.1
8.8
10.7
10.9
8.9
6.0
16.6
10.0
22.0
33.1
7
18.9
31.9
23.9
12.7
11.8
8.0
10.9
16.4
8.8
30.3
31.9
8
24.7
28.6
14.2
8.9
9.4
4.5
11.2
14.1
15.0
30.1
27.9
41.6
9
21.3
28.8
11.9
14.7
14.2
12.1
9.1
22.6
30.6
26.2
32.7
0
23.7
8.2
29.4
10.7
12.0
9.7
20.6
33.7
32.6
39.6
1
28.9
9.1
12.4
16.1
25.6
32.9