Day
JANUARY
FEBRUARY
MARCH
APRIL
MAY
JUNE
JULY
AUGUST
SEPTEMBER
OCTOBER
NOVEMBER
DECEMBER
1
41.0
33.0
14.0
14.0
12.0
10.0
26.0
9.0
22.0
21.0
15.0
2
38.0
25.0
10.0
10.0
10.0
9.0
12.0
18.0
10.0
3
30.0
20.0
16.0
11.0
8.0
13.0
13.0
14.0
18.0
8.0
24.0
4
28.0
6.0
28.0
16.0
9.0
32.0
15.0
24.0
12.0
17.0
39.0
5
27.0
26.0
24.0
14.0
13.0
12.0
9.0
16.0
10.0
27.0
46.0
6
27.0
29.0
18.0
8.0
18.0
9.0
15.0
16.0
9.0
29.0
47.0
7
29.0
33.0
20.0
18.0
10.0
9.0
14.0
14.0
9.0
29.0
48.0
8
34.0
31.0
10.0
15.0
13.0
5.0
14.0
13.0
15.0
30.0
45.0
9
29.0
26.0
16.0
16.0
7.0
14.0
13.0
13.0
15.0
35.0
37.0
10
24.0
23.0
24.0
11.0
6.0
7.0
20.0
25.0
13.0
24.0
39.0
11
25.0
18.0
23.0
11.0
9.0
9.0
11.0
28.0
17.0
14.0
32.0
12
15.0
22.0
3.0
7.0
11.0
6.0
8.0
18.0
20.0
33.0
29.0
13
35.0
27.0
9.0
9.0
8.0
9.0
18.0
10.0
14.0
38.0
33.0
14
33.0
31.0
21.0
9.0
12.0
9.0
24.0
19.0
9.0
36.0
36.0
15
18.0
20.0
11.0
9.0
15.0
6.0
18.0
15.0
21.0
42.0
41.0
16
29.0
25.0
5.0
11.0
8.0
9.0
22.0
7.0
29.0
35.0
32.0
17
27.0
4.0
15.0
11.0
3.0
12.0
13.0
28.0
23.0
31.0
38.0
18
4.0
14.0
22.0
9.0
6.0
9.0
10.0
32.0
15.0
31.0
35.0
19
20.0
19.0
20.0
25.0
10.0
6.0
12.0
11.0
26.0
22.0
37.0
31.0
20
8.0
29.0
26.0
14.0
7.0
8.0
23.0
17.0
20.0
18.0
37.0
37.0
21
19.0
38.0
16.0
13.0
7.0
10.0
8.0
18.0
16.0
43.0
33.0
22
32.0
30.0
8.0
11.0
8.0
7.0
7.0
12.0
17.0
35.0
25.0
23
32.0
21.0
10.0
7.0
9.0
7.0
8.0
19.0
7.0
16.0
5.0
35.0
24
31.0
21.0
22.0
22.0
12.0
6.0
8.0
20.0
15.0
27.0
10.0
33.0
25
19.0
26.0
13.0
16.0
10.0
11.0
12.0
8.0
19.0
23.0
26.0
17.0
26
25.0
39.0
12.0
17.0
6.0
13.0
12.0
12.0
22.0
25.0
33.0
15.0
27
34.0
35.0
30.0
19.0
4.0
11.0
15.0
12.0
18.0
21.0
40.0
22.0
28
29.0
30.0
24.0
15.0
6.0
8.0
13.0
14.0
20.0
15.0
39.0
27.0
29
31.0
29.0
10.0
16.0
7.0
9.0
14.0
5.0
15.0
31.0
21.0
30
33.0
26.0
7.0
9.0
5.0
10.0
11.0
11.0
20.0
25.0
20.0
31
36.0
16.0
7.0
15.0
20.0
24.0
19.0