Day
JANUARY
FEBRUARY
MARCH
APRIL
MAY
JUNE
JULY
AUGUST
SEPTEMBER
OCTOBER
NOVEMBER
DECEMBER
1
.029
.035
.045
.049
.043
.061
.065
.020
.053
.038
.042
.025
2
.020
.038
.045
.045
.056
.067
.060
.054
.050
.040
.037
.013
3
.018
.033
.045
.050
.052
.063
.049
.046
.045
.040
.030
.022
4
.035
.034
.028
.048
.058
.066
.050
.044
.043
.046
.030
.014
5
.037
.026
.036
.047
.055
.066
.055
.042
.039
.043
.031
.018
6
.022
.032
.040
.043
.054
.055
.067
.053
.041
.038
.028
.021
7
.007
.040
.039
.049
.058
.064
.073
.049
.045
.038
.013
.022
8
.003
.039
.044
.044
.048
.046
.074
.055
.035
.036
.036
.016
9
.021
.032
.046
.047
.046
.058
.054
.060
.024
.043
.036
.019
10
.021
.025
.044
.055
.052
.056
.052
.060
.045
.049
.042
.011
11
.036
.030
.038
.053
.049
.060
.051
.053
.043
.040
.027
.010
12
.038
.021
.042
.050
.047
.063
.067
.042
.038
.037
.024
.045
13
.025
.022
.045
.043
.051
.065
.065
.039
.043
.036
.022
.043
14
.024
.009
.045
.050
.053
.041
.060
.049
.047
.016
.026
.031
15
.020
.005
.050
.050
.054
.051
.056
.050
.048
.042
.024
16
.018
.037
.049
.058
.054
.043
.059
.056
.044
.009
.035
.017
17
.016
.022
.046
.054
.054
.038
.063
.052
.042
.039
.027
.011
18
.023
.035
.036
.049
.061
.047
.068
.053
.035
.041
.025
.025
19
.024
.040
.046
.053
.055
.054
.072
.036
.046
.011
.023
20
.017
.041
.043
.059
.056
.055
.050
.050
.038
.008
.020
21
.016
.041
.039
.058
.055
.054
.045
.045
.038
.020
.034
22
.014
.039
.051
.055
.055
.054
.050
.046
.038
.033
.037
23
.021
.042
.054
.047
.039
.062
.031
.056
.047
.033
.038
.029
24
.025
.043
.052
.051
.047
.058
.055
.043
.037
.036
.028
25
.026
.037
.050
.058
.059
.060
.048
.044
.038
.006
.037
26
.031
.034
.044
.041
.055
.050
.037
.034
.045
.021
.032
27
.016
.030
.043
.048
.055
.045
.043
.029
.041
.010
.029
28
.029
.031
.047
.050
.053
.058
.052
.044
.033
.031
.034
29
.032
.049
.051
.051
.063
.048
.048
.025
.038
.034
30
.028
.051
.056
.053
.061
.039
.038
.028
.030
.026
31
.026
.043
.055
.047
.042
.025