Day
JANUARY
FEBRUARY
MARCH
APRIL
MAY
JUNE
JULY
AUGUST
SEPTEMBER
OCTOBER
NOVEMBER
DECEMBER
1
.037
.025
.033
.038
.048
.054
.052
.057
.042
.042
.028
.031
2
.029
.043
.034
.041
.048
.062
.053
.056
.049
.038
.023
.029
3
.020
.037
.031
.042
.052
.065
.038
.067
.046
.046
.024
.023
4
.027
.034
.033
.041
.062
.055
.038
.063
.051
.052
.028
.017
5
.026
.032
.037
.044
.061
.059
.049
.056
.057
.042
.027
.017
6
.026
.031
.040
.039
.060
.052
.045
.059
.059
.046
.036
.017
7
.019
.025
.041
.041
.059
.046
.052
.062
.054
.043
.039
.012
8
.028
.040
.039
.043
.065
.037
.061
.059
.030
.045
.038
.012
9
.037
.038
.039
.033
.064
.048
.065
.056
.034
.040
.029
.014
10
.036
.030
.037
.048
.060
.064
.055
.052
.040
.008
11
.034
.033
.032
.043
.056
.046
.060
.051
.052
.040
.036
.010
12
.034
.043
.046
.052
.048
.052
.052
.049
.041
.033
.033
13
.038
.039
.033
.046
.051
.049
.053
.057
.049
.035
.041
.031
14
.038
.036
.035
.045
.052
.047
.056
.056
.045
.034
.026
15
.022
.028
.041
.038
.049
.053
.063
.051
.044
.041
.028
16
.041
.032
.044
.040
.052
.042
.052
.055
.046
.036
.021
17
.038
.043
.042
.046
.051
.046
.045
.065
.040
.031
.023
18
.029
.037
.041
.042
.052
.044
.049
.073
.043
.040
.023
19
.029
.034
.035
.041
.054
.051
.054
.068
.040
.029
.027
20
.021
.039
.039
.049
.046
.049
.055
.056
.049
.035
.019
21
.026
.034
.042
.051
.049
.044
.057
P
.077
.045
.033
.017
22
.016
.027
.041
.045
.050
.048
.039
.068
.041
.041
.035
23
.020
.040
.041
.045
.049
.054
.044
.053
.042
.032
.030
24
.005
.037
.041
.050
.045
.057
.048
.060
.047
.033
.023
25
.013
.034
.037
.047
.051
.051
.052
.058
.048
.030
.021
26
.015
.038
.038
.048
.053
.058
.054
.059
.035
.027
.018
27
.037
.032
.040
.045
.048
.057
.053
.057
.041
.027
28
.033
.033
.040
.056
.059
.049
.053
.061
.033
.029
.024
.019
29
.027
.036
.040
.048
.054
.049
.062
.051
.045
.031
.022
.025
30
.021
.039
.047
.050
.040
.061
.057
.048
.031
.029
.018
31
.028
.041
.050
.056
.047
.029
.022