Day
JANUARY
FEBRUARY
MARCH
APRIL
MAY
JUNE
JULY
AUGUST
SEPTEMBER
OCTOBER
NOVEMBER
DECEMBER
1
.028
.023
.036
.042
.048
.056
.047
.053
.052
.043
.022
.037
2
.022
.035
.030
.042
.048
.053
.050
.058
.053
.037
.029
.019
3
.021
.040
.037
.039
.051
.061
.066
.055
.049
.043
.031
.016
4
.019
.039
.041
.044
.051
.060
.052
.058
.055
.042
.023
.013
5
.032
.042
.039
.046
.051
.050
.061
.057
.054
.039
.023
.019
6
.037
.040
.036
.044
.050
.047
.055
.059
.055
.040
.020
.013
7
.036
.042
.037
.044
.043
.056
.043
.045
.059
.031
.022
.033
8
.017
.037
.043
.038
.038
.045
.047
.049
.052
.037
.021
.037
9
.021
.042
.042
.042
.042
.047
.055
.050
.059
.037
.025
.031
10
.017
.045
.046
.037
.049
.056
.050
.049
.047
.029
.028
.022
11
.022
.043
.045
.042
.054
.052
.042
.054
.042
.031
.030
.011
12
.023
.040
.042
.039
.054
.047
.052
.061
.047
.036
.026
.029
13
.027
.044
.043
.045
.051
.054
.044
.057
.046
.041
.026
.037
14
.023
.038
.041
.044
.051
.053
.049
.054
.047
.042
.017
.034
15
.017
.044
.041
.045
.049
.052
.051
.063
.051
.036
.029
.035
16
.031
.044
.043
.044
.048
.053
.057
.058
.045
.042
.038
.032
17
.032
.040
.045
.044
.045
.054
.056
.051
.050
.043
.035
.023
18
.035
.039
.043
.045
.036
.057
.053
.056
.050
.038
.021
.016
19
.026
.039
.052
.043
.048
.061
.053
.046
.046
.037
.037
.017
20
.023
.041
.052
.047
.051
.045
.057
.054
.038
.035
.018
.015
21
.033
.039
.044
.048
.039
.046
.051
.052
.039
.034
.024
.017
22
.032
.036
.043
.046
.040
.042
.053
.054
.040
.035
.023
23
.018
.041
.042
.045
.052
.044
.051
.056
.045
.038
.025
.028
24
.021
.044
.042
.044
.039
.053
.055
.051
.041
.034
.027
.032
25
.028
.043
.046
.035
.045
.057
.055
.049
.043
.031
.036
.027
26
.030
.043
.051
.043
.052
.059
.051
.061
.038
.036
.039
.032
27
.032
.039
.051
.046
.049
.050
.053
.066
.035
.029
.039
.030
28
.029
.040
.046
.058
.041
.057
.058
.062
.041
.036
.044
.034
29
.024
.041
.047
.044
.054
.053
.046
.040
.030
.037
.033
30
.031
.042
.039
.048
.039
.048
.045
.044
.027
.034
.027
31
.028
.048
.053
.033
.054
.023
.033