Day
JANUARY
FEBRUARY
MARCH
APRIL
MAY
JUNE
JULY
AUGUST
SEPTEMBER
OCTOBER
NOVEMBER
DECEMBER
1
.031
.036
.032
.045
.068
.061
.067
.043
.046
.017
.021
2
.018
.034
.046
.049
.059
.063
P
.072
.046
.040
.033
.025
3
.017
.032
.035
.043
.057
.048
.065
P
.072
.043
.038
.025
.020
4
.012
.022
.037
.039
.055
.045
.057
P
.087
.044
.040
.018
.020
5
.018
.028
.041
.049
.060
.062
.057
.060
.053
.038
.027
.036
6
.027
.032
.038
.049
.046
.057
.060
.060
.052
.039
.034
.028
7
.028
.038
.042
.046
.054
.062
.061
.050
.051
.036
.026
.032
8
.022
.034
.043
.049
.042
.068
.059
.057
.045
.037
.024
.020
9
.025
.037
.043
.043
.051
.054
.053
.056
.044
.045
.010
.014
10
.028
.027
.040
.046
.051
.051
.050
.051
.052
.040
.014
.021
11
.027
.016
.034
.046
.049
.044
.053
.059
.046
.045
.027
.036
12
.024
.012
.038
.045
.050
.057
.059
.058
.045
.031
.033
.025
13
.015
.014
.045
.042
.057
.050
.068
.058
.038
.034
.036
.011
14
.019
.005
.043
.042
.056
.056
.069
.057
.043
.035
.031
.003
15
.028
.014
.043
.048
.049
.068
.065
.052
.047
.037
.033
.025
16
.026
.023
.046
.046
.040
.056
.057
.064
.050
.038
.039
.035
17
.019
.028
.041
.055
.036
.054
.061
.056
.053
.041
.034
.034
18
.013
.035
.047
.056
.057
.058
.045
.061
.048
.034
.025
.033
19
.035
.033
.046
.054
.048
.061
.046
.063
.048
.036
.030
.029
20
.040
.037
.048
.054
.054
.058
.051
.069
.044
.030
.022
.020
21
.026
.036
.050
.056
.055
.054
.064
.037
.039
.026
.010
22
.023
.031
.043
.054
.055
.052
.056
.037
.045
.030
.009
23
.022
.038
.039
.056
.054
.061
P
074
.057
.034
.038
.037
.025
24
.029
.039
.044
.053
.060
.063
P
.073
.056
.026
.014
.031
.035
25
.032
.039
.048
.059
.058
.059
.060
.050
.044
.037
.030
.037
26
.028
.038
.047
.037
.056
.067
.065
.057
.039
.029
.042
.033
27
.023
.041
.051
.043
.052
.066
.066
.054
.043
.024
.037
.022
28
.024
.045
.043
.034
.055
.058
.068
.055
.037
.024
.031
.019
29
.012
.037
.052
.041
.057
.051
.070
.053
.045
.034
.028
.021
30
.031
.036
.046
.062
.066
.057
.050
.039
.029
.023
.013
31
.030
.035
.067
.062
.049
.037
.011