Day
JANUARY
FEBRUARY
MARCH
APRIL
MAY
JUNE
JULY
AUGUST
SEPTEMBER
OCTOBER
NOVEMBER
DECEMBER
1
.046
.049
.049
.049
.053
.071
.063
.036
.027
.033
2
.044
.049
.039
.060
.050
.067
.064
.033
.037
.033
3
.044
.054
.049
.062
.060
.071
.063
.031
.044
.033
4
.047
.040
.056
.050
.064
.071
.057
.033
.038
.027
5
.043
.047
.054
.056
.051
.069
.058
.048
.041
.020
6
.040
.037
.059
.050
.060
P
.079
.057
.045
.042
.005
7
.034
.048
.064
.047
.058
P
.083
.064
.032
.040
.010
8
.040
.049
.065
.061
.059
.073
.051
.027
.036
.010
9
.042
.049
.061
.056
.062
P
.088
.063
.040
.029
.022
10
.048
.040
.048
.050
.066
P
.084
.051
.034
.037
.019
11
.051
.050
.038
.060
.069
P
.077
.054
.026
.037
.014
12
.044
.053
.052
.060
.072
.071
.054
.035
.031
.033
13
.046
.046
.055
.049
P
.076
.074
.045
.043
.026
.025
14
.037
.053
.049
.048
.064
.071
.047
.035
.021
.020
15
.043
.047
.052
.041
.067
.054
.045
.034
.016
.022
16
.049
.053
.056
.073
.062
.039
.032
.020
.025
17
.049
.051
.053
.068
.065
.042
.037
.017
.028
18
.045
.047
.058
P
.076
.061
.044
.041
.032
.018
19
.042
.061
.059
.066
.068
.053
.034
.024
.037
20
.044
.051
.057
.057
.058
.053
.038
.018
.018
21
.048
.057
.058
.056
.062
.065
.034
.017
.035
22
.037
.054
.050
.058
.062
.054
.033
.038
.038
23
.048
.054
.046
.059
.073
.067
.044
.036
.036
.030
24
.045
.056
.051
.060
.071
.052
.048
.032
.036
.022
25
.048
.058
.052
.065
.074
.053
.052
.035
.028
.030
26
.045
.066
.054
.065
.073
.053
.053
.033
.025
.030
27
.044
.059
.053
.062
.068
.055
.049
.033
.012
.026
28
.041
.046
.057
.049
.068
.062
.050
.046
.044
.033
.033
29
.047
.052
.052
.051
.063
.053
.047
.041
.037
.031
30
.045
.047
.047
.056
.074
.045
.036
.036
.031
.032
31
.049
.045
P
.077
.057
.030
.028