Day
JANUARY
FEBRUARY
MARCH
APRIL
MAY
JUNE
JULY
AUGUST
SEPTEMBER
OCTOBER
NOVEMBER
DECEMBER
1
36
20
25
14
15
14
2
19
20
13
17
21
3
18
8
16
16
20
22
20
4
57
25
42
9
32
20
5
17
14
12
27
15
6
40
17
17
21
10
14
17
7
6
10
15
14
25
16
8
19
20
18
31
22
9
61
8
9
23
13
26
21
10
14
16
40
23
26
9
11
15
14
20
30
8
12
64
14
9
104
28
19
16
13
11
24
46
25
13
26
14
18
14
37
22
32
15
66
7
9
17
64
25
15
16
12
10
20
17
53
46
3
17
19
18
20
14
10
17
18
8
9
13
11
15
16
19
6
15
32
16
13
16
15
20
20
17
35
4
12
28
21
14
20
20
20
6
43
22
6
18
25
11
22
10
36
23
24
28
2
14
8
23
24
5
16
7
15
7
3
25
13
10
28
10
13
4
26
14
28
17
15
9
12
27
49
5
10
23
21
7
21
28
47
11
16
22
20
3
39
29
29
29
14
13
10
41
30
7
12
14
7
15
49
31
11
10
25
10
40