Day
JANUARY
FEBRUARY
MARCH
APRIL
MAY
JUNE
JULY
AUGUST
SEPTEMBER
OCTOBER
NOVEMBER
DECEMBER
1
12
41
29
6
9
10
16
11
18
18
31
8
2
18
7
7
7
7
10
16
17
24
12
29
33
3
25
2
11
6
16
18
23
21
32
17
21
50
4
40
8
12
7
16
26
12
23
22
42
5
53
2
12
10
13
22
34
20
29
9
51
45
6
3
3
3
6
14
21
22
27
23
9
35
7
7
8
3
5
10
42
14
26
23
32
43
5
8
31
12
3
9
4
10
26
28
17
21
43
5
9
16
10
4
9
8
9
26
12
24
37
13
10
33
5
7
3
12
17
21
15
26
12
26
24
11
41
10
18
3
13
19
24
15
8
19
28
33
12
28
18
23
3
12
20
16
25
11
22
9
13
28
4
6
5
17
19
27
24
14
16
4
14
44
5
9
4
15
13
13
29
14
26
53
5
15
38
5
20
11
20
14
18
29
11
38
36
6
16
2
3
25
6
17
15
20
26
17
28
25
9
17
2
4
13
8
2
15
26
21
32
69
15
23
18
5
9
21
15
3
13
23
21
18
12
48
33
19
13
10
17
17
4
17
21
26
12
25
40
20
11
7
10
15
5
32
20
18
16
4
20
37
21
4
16
6
5
3
12
17
20
7
7
6
19
22
10
14
4
7
2
12
22
43
15
21
10
23
24
11
5
14
3
9
28
35
16
13
16
18
24
32
5
4
13
4
14
26
24
18
13
20
6
25
22
5
20
10
4
19
24
22
19
33
13
6
26
27
8
16
10
8
16
20
22
15
23
13
9
27
21
11
16
13
6
17
11
27
14
8
8
12
28
25
11
17
17
4
21
15
36
20
8
6
6
29
40
6
9
8
21
18
28
7
10
4
7
30
35
6
10
12
13
20
32
12
12
6
15
31
34
5
11
26
24
25
23