Day
JANUARY
FEBRUARY
MARCH
APRIL
MAY
JUNE
JULY
AUGUST
SEPTEMBER
OCTOBER
NOVEMBER
DECEMBER
1
14
22
20
20
2
41
6
16
19
9
3
8
16
4
10
30
48
15
5
19
7
24
17
11
6
14
13
7
11
23
18
8
47
13
6
9
9
6
28
10
13
34
20
11
28
22
5
26
29
12
11
25
13
10
52
15
4
14
32
14
12
14
15
15
9
16
16
11
30
11
17
51
13
22
21
15
18
6
22
19
13
10
28
33
20
47
23
30
28
20
21
14
14
22
11
17
9
7
2
23
73
6
23
16
32
24
15
10
25
18
24
24
2
26
30
11
15
19
21
27
2
8
28
9
14
12
2
29
30
9
49
10
42
30
11
16
31
15