Day
JANUARY
FEBRUARY
MARCH
APRIL
MAY
JUNE
JULY
AUGUST
SEPTEMBER
OCTOBER
NOVEMBER
DECEMBER
1
22
15
16
24
23
23
19
6
22
23
18
34
2
16
8
14
23
24
25
24
7
31
20
6
32
3
18
23
14
25
28
25
26
21
30
16
11
35
4
24
26
10
18
19
37
26
31
32
20
11
27
5
7
43
100
20
45
25
27
26
19
20
18
6
19
67
10
17
35
25
112
29
6
11
49
7
23
10
12
92
34
28
68
45
8
8
40
8
33
14
38
21
21
37
55
47
7
21
16
9
26
19
41
22
10
18
43
53
37
3
10
3
10
16
14
13
16
14
61
50
61
30
7
7
5
11
30
8
7
34
16
25
52
31
22
9
17
13
12
41
5
11
23
17
29
61
30
12
4
12
11
13
53
4
3
36
29
24
35
36
22
4
10
20
14
15
6
10
11
53
22
21
30
30
4
9
6
15
27
5
10
6
49
32
31
53
28
6
20
4
16
26
4
7
5
23
42
45
69
24
11
12
4
17
21
4
18
6
23
46
31
25
7
16
9
18
13
6
13
7
27
43
27
51
10
12
35
13
19
17
13
12
42
34
33
27
39
30
3
47
25
20
29
8
5
16
57
26
10
23
8
9
13
39
21
36
5
3
21
58
29
17
23
15
15
9
43
22
23
14
8
15
31
28
19
12
17
13
20
53
23
4
13
19
20
6
23
19
12
27
9
12
3
24
13
13
8
21
7
16
33
17
32
6
6
25
18
10
9
21
10
15
46
22
25
19
10
26
9
10
5
5
14
14
36
27
21
3
13
27
9
9
8
6
15
11
16
48
37
5
21
28
11
8
9
21
13
22
43
61
12
15
29
4
16
19
13
24
37
16
18
12
30
7
11
17
16
14
10
36
19
13
42
3
31
9
15
15
11
26
8
4