Day
JANUARY
FEBRUARY
MARCH
APRIL
MAY
JUNE
JULY
AUGUST
SEPTEMBER
OCTOBER
NOVEMBER
DECEMBER
1
42
27
25
378
33
67
70
57
49
41
37
2
39
32
20
16
32
67
55
49
52
92
53
3
43
37
14
24
26
31
71
63
35
28
69
4
40
43
30
23
27
56
116
49
50
29
60
5
73
46
25
164
30
28
146
159
65
34
39
6
55
35
40
64
25
31
56
63
59
36
26
7
49
24
29
56
142
26
51
75
36
27
98
8
58
36
41
41
31
24
75
62
95
55
66
9
66
36
34
26
13
36
69
35
42
61
102
10
70
21
37
31
17
30
27
30
44
119
11
45
30
49
60
26
42
26
81
53
18
12
36
38
45
54
33
24
36
80
41
19
13
22
47
45
34
25
25
51
140
35
22
14
34
44
21
892
50
57
47
65
45
7
15
28
38
21
25
17
27
192
84
34
12
16
99
38
28
534
13
30
46
58
32
16
17
48
26
60
18
17
48
46
39
22
51
18
22
37
43
27
26
44
36
50
14
64
19
41
34
34
20
42
62
21
51
25
36
20
30
43
49
35
193
41
44
88
19
14
21
35
23
45
51
67
80
76
106
43
7
22
34
14
35
43
48
37
54
55
36
12
23
43
25
54
26
57
55
45
68
32
15
24
50
42
33
29
46
50
58
99
41
27
25
39
42
24
19
62
49
49
57
37
54
15
26
55
26
38
13
82
44
52
28
31
11
24
27
48
31
28
23
42
54
157
26
23
13
35
28
43
21
27
22
21
33
39
112
48
17
45
29
42
28
22
29
67
27
29
46
23
48
30
39
86
29
25
66
63
33
35
37
42
31
24
89
60
61
25
36