Day
JANUARY
FEBRUARY
MARCH
APRIL
MAY
JUNE
JULY
AUGUST
SEPTEMBER
OCTOBER
NOVEMBER
DECEMBER
1
37
109
13
6
12
21
32
22
25
6
31
42
2
9
35
29
7
13
17
27
26
28
10
23
26
3
18
22
33
11
15
17
26
28
24
16
19
31
4
4
13
15
10
20
20
44
27
26
17
14
10
5
8
10
49
11
20
49
38
20
46
23
7
18
6
20
11
4
16
28
28
26
22
56
18
12
30
7
29
9
9
22
17
25
31
21
33
14
12
25
8
11
17
14
18
33
33
16
26
17
20
32
9
3
17
17
3
20
70
21
21
17
13
19
31
10
5
9
19
11
19
32
25
13
14
19
34
24
11
4
9
13
20
15
35
21
16
22
31
19
42
12
11
12
9
18
25
37
21
12
31
49
15
56
13
28
30
16
44
30
6
24
11
24
32
20
51
14
32
41
23
11
13
17
22
30
15
14
24
38
15
19
34
26
9
21
19
21
26
14
13
46
16
21
26
22
11
11
16
27
21
22
28
29
31
17
27
16
22
16
4
15
30
25
16
30
15
11
18
6
26
17
7
10
25
18
33
9
29
19
5
18
7
8
15
70
20
15
28
11
35
20
7
46
10
9
30
16
15
16
53
30
29
21
22
29
6
6
29
20
23
24
11
31
15
22
5
18
8
11
24
21
23
7
9
23
20
23
5
4
9
13
20
26
17
10
18
11
17
24
7
14
10
18
18
18
22
2
25
9
13
25
10
20
5
4
20
16
10
20
9
28
17
26
26
12
12
4
6
19
21
15
21
15
29
10
24
27
22
6
4
5
10
29
21
19
18
21
26
39
28
33
9
9
7
10
21
16
34
18
23
13
34
29
42
12
6
16
19
15
56
14
15
22
37
30
67
10
6
22
22
15
44
12
34
31
88
8
24
19
16
24