Day
JANUARY
FEBRUARY
MARCH
APRIL
MAY
JUNE
JULY
AUGUST
SEPTEMBER
OCTOBER
NOVEMBER
DECEMBER
1
11
20
7
20
18
21
18
37
23
22
2
6
15
11
4
16
24
20
19
27
41
45
21
3
22
9
15
9
14
26
25
26
27
37
44
23
4
18
15
18
8
12
27
52
39
36
41
34
5
15
12
15
13
19
43
38
30
33
50
42
38
6
20
10
13
12
48
12
21
24
50
56
33
31
7
40
5
24
14
19
10
28
16
143
68
26
51
8
16
6
8
21
19
5
40
22
16
37
6
54
9
17
8
11
13
18
7
23
19
14
30
8
65
10
10
15
12
11
20
9
23
24
22
36
9
60
11
10
19
16
13
21
11
27
27
45
18
6
45
12
4
22
11
7
17
24
39
33
15
9
29
13
5
18
16
11
27
26
32
34
42
23
13
13
14
8
13
8
11
24
18
29
40
33
22
10
15
23
19
5
9
16
17
29
34
46
18
10
10
16
14
12
8
4
19
24
29
25
21
28
23
17
13
5
11
12
22
8
38
37
47
18
12
18
16
14
4
13
31
11
23
48
47
21
10
19
17
19
6
7
37
17
28
41
51
25
16
20
40
21
4
12
15
14
34
46
33
30
25
21
7
36
7
17
11
14
36
82
42
23
43
22
36
5
17
62
21
20
57
37
28
31
23
21
22
7
12
6
18
13
46
40
26
20
24
18
15
8
11
6
21
17
56
37
33
17
25
14
12
7
15
11
32
18
90
40
16
24
20
26
14
18
3
14
17
22
17
35
30
18
5
20
27
8
24
6
19
19
24
34
36
14
31
12
13
28
14
19
7
16
23
73
22
33
20
35
17
15
29
10
13
6
21
23
9
29
29
34
38
19
18
30
12
5
37
11
25
27
34
26
22
29
31
21
9
23
39
30
26