Day
JANUARY
FEBRUARY
MARCH
APRIL
MAY
JUNE
JULY
AUGUST
SEPTEMBER
OCTOBER
NOVEMBER
DECEMBER
1
4.4
2.2
11.1
2.6
4.1
3.2
5.6
4.0
5.8
2.9
3.0
3.4
2
8.1
4.5
8.3
3.5
4.3
4.1
5.2
5.8
6.1
4.0
3.0
2.5
3
9.2
7.4
3.6
4.7
1.8
4.4
7.3
9.7
5.5
4.3
5.2
8.3
4
5.8
14.2
4.0
4.8
3.7
5.5
9.9
8.2
5.5
5.1
3.3
6.3
5
2.0
8.0
1.7
3.8
3.2
4.0
6.0
5.9
6.1
4.7
.9
2.8
6
2.4
8.6
1.8
2.2
10.2
4.8
5.5
4.5
4.6
2.2
6.4
7
2.0
11.8
4.7
5.4
19.2
5.4
5.9
4.7
5.4
2.7
14.6
8
1.2
10.1
3.3
5.0
6.3
5.8
6.8
6.6
5.4
2.4
10.2
9
4.1
10.9
1.5
6.6
4.5
9.4
8.5
9.0
17.6
4.6
.7
6.3
10
10.1
11.5
3.5
2.2
5.0
7.5
6.8
4.8
27.9
6.8
1.7
8.7
11
14.6
7.9
3.0
7.5
5.1
7.6
11.9
4.5
20.2
6.5
6.0
1.3
12
14.6
5.8
3.9
1.5
1.9
12.4
12.0
4.6
14.3
7.5
8.4
1.5
13
15.9
6.7
2.0
2.0
3.5
8.2
8.6
3.6
2.4
7.0
9.7
4.9
14
26.4
3.5
2.7
2.9
4.9
3.4
12.0
2.9
2.6
6.5
6.5
5.4
15
22.4
4.0
2.9
3.2
3.5
6.0
8.5
4.7
2.4
4.9
8.3
16
17.1
3.4
3.9
5.4
5.2
5.9
6.0
4.2
3.6
3.6
9.9
9.8
17
14.2
7.9
4.8
4.8
5.2
20.5
4.2
6.1
4.3
8.8
13.0
18
22.7
5.9
4.5
7.6
5.3
16.2
6.6
3.9
5.1
9.1
16.2
19
31.4
4.9
3.8
11.5
9.2
15.1
7.5
3.5
2.5
6.1
14.1
17.8
20
17.5
2.0
3.0
2.7
2.3
9.8
6.8
3.5
3.8
5.9
14.0
17.1
21
9.0
3.3
4.8
22.8
2.6
6.3
6.9
3.1
2.9
4.5
13.3
4.9
22
9.6
3.9
3.0
6.3
10.2
11.5
6.6
4.7
2.8
3.8
15.2
6.1
23
14.2
5.1
1.9
4.9
16.7
11.0
5.1
4.3
1.6
9.7
20.3
24
16.3
6.3
4.6
2.6
5.6
11.3
8.8
5.7
4.2
3.9
11.0
33.4
25
13.3
4.1
5.2
3.1
6.5
7.2
11.2
3.7
4.5
4.4
8.8
34.3
26
7.7
6.8
4.6
8.4
13.3
7.9
8.8
3.7
5.3
2.1
10.9
26.1
27
11.6
8.9
2.9
9.1
10.8
7.3
4.0
4.8
7.7
2.1
28
11.3
11.0
3.2
9.9
8.8
9.1
6.5
4.7
4.5
1.7
1.1
29
11.9
4.4
4.6
2.0
8.9
5.5
6.4
3.7
9.7
1.4
1.9
30
16.7
3.2
4.8
1.2
6.8
6.5
6.3
3.6
12.3
3.8
1.3
31
8.5
2.6
2.2
5.4
6.0
8.7
2.1