Day
JANUARY
FEBRUARY
MARCH
APRIL
MAY
JUNE
JULY
AUGUST
SEPTEMBER
OCTOBER
NOVEMBER
DECEMBER
1
7.9
8.9
2.9
3.4
8.2
4.6
4.3
7.1
4.0
6.7
8.6
4.8
2
3.2
4.2
5.5
2.1
6.8
6.4
5.8
14.6
4.9
8.4
7.9
6.8
3
7.9
2.1
5.0
3.1
5.1
7.6
9.3
12.6
4.8
12.9
7.7
7.7
4
7.0
6.4
6.2
2.9
3.6
6.6
29.8
14.0
6.9
25.5
8.9
12.8
5
8.2
5.9
4.0
4.0
5.0
9.0
20.5
20.3
7.0
20.9
6.4
18.4
6
7.9
7.8
3.0
3.8
8.6
4.0
7.8
5.8
25.0
25.5
4.3
17.4
7
3.1
3.9
4.0
3.9
3.6
4.3
P 37.5 +
24.4
2.2
24.0
8
2.2
3.3
5.2
3.9
1.6
11.1
6.5
3.1
14.5
4.4
20.4
9
11.5
4.3
2.9
3.0
5.4
2.3
6.5
6.2
4.3
6.5
4.5
27.4
10
3.6
6.0
3.6
3.6
5.8
2.9
7.0
6.0
6.5
7.3
26.4
11
4.7
8.3
3.8
3.8
5.8
3.2
7.0
5.7
9.7
3.4
2.2
22.6
12
3.4
8.9
3.0
2.2
4.6
17.7
8.1
10.5
3.1
3.3
10.3
13
2.1
7.0
4.5
2.8
5.7
6.2
10.0
8.4
17.3
4.2
2.9
5.8
14
2.1
3.2
2.2
3.4
4.9
9.2
10.0
7.1
3.4
6.2
15
7.1
7.7
2.1
2.1
4.2
7.6
8.3
7.5
2.7
5.0
6.4
16
4.8
6.2
2.6
1.8
5.3
8.9
6.9
10.0
3.9
8.0
7.9
17
3.3
2.3
2.5
3.8
7.2
2.9
8.3
12.0
3.8
2.9
5.6
18
4.9
1.2
3.9
3.5
9.6
P
45.4 +
8.2
5.0
7.5
19
8.0
2.5
2.7
13.9
5.6
10.5
29.0
5.0
5.4
8.9
20
7.6
2.0
4.1
7.2
6.0
12.6
19.3
4.9
7.5
13.5
21
11.3
3.2
3.9
6.8
32.1
16.5
3.7
11.3
15.6
22
8.2
15.8
2.4
4.3
23.5
10.7
3.1
12.7
2.6
23
13.2
11.6
1.8
3.2
13.9
11.8
4.6
16.1
3.1
24
11.6
1.8
2.0
2.8
12.8
5.9
10.1
8.4
25
10.7
3.7
3.3
3.7
6.4
14.4
3.3
12.2
26
9.4
5.6
2.5
3.6
9.5
6.2
10.2
27
5.3
7.2
3.4
4.0
6.1
6.0
3.6
11.4
8.2
28
4.6
5.1
4.2
3.3
6.8
16.9
4.5
13.7
7.8
29
5.2
3.1
2.7
4.9
7.1
2.6
8.6
5.6
11.5
12.3
11.7
30
7.6
1.8
6.2
6.6
3.0
6.8
5.3
9.3
16.6
31
9.1
2.9
5.4
7.9
6.7
18.7